1,6.052966594696045,0.12827716767787933,6.442114353179932
2,5.513065814971924,0.17257864773273468,5.747917175292969
3,5.1521687507629395,0.20480434596538544,5.256660461425781
4,4.923432350158691,0.2288614809513092,4.908299922943115
5,4.818088531494141,0.2340671718120575,5.003623962402344
6,4.704545021057129,0.24472644925117493,4.794525623321533
7,4.600749492645264,0.2572743892669678,4.635839462280273
8,4.515902042388916,0.26646992564201355,4.499863624572754
9,4.440097332000732,0.28038719296455383,4.372823715209961
10,4.41191291809082,0.2823348939418793,4.382782936096191
11,4.3615827560424805,0.2910582721233368,4.277507781982422
12,4.310147285461426,0.29814082384109497,4.18143892288208
13,4.271078586578369,0.3066399097442627,4.092409610748291
14,4.246690273284912,0.3118101954460144,4.007641792297363
15,4.239640235900879,0.3136398494243622,4.070457458496094
16,4.223364353179932,0.31839698553085327,4.002863883972168
17,4.196007251739502,0.32215073704719543,3.93965744972229
18,4.176995277404785,0.3271675705909729,3.8783280849456787
19,4.159383296966553,0.32978811860084534,3.8231961727142334
20,4.18464994430542,0.326955109834671,3.9140000343322754
21,4.167162895202637,0.32911527156829834,3.8649585247039795
22,4.146939277648926,0.3340848982334137,3.817997932434082
23,4.132616996765137,0.3367880582809448,3.7724785804748535
24,4.121328830718994,0.3391135036945343,3.732224464416504
25,4.110621452331543,0.34325680136680603,3.690162420272827
26,4.102147579193115,0.3443191945552826,3.649921178817749
27,4.097470283508301,0.34488579630851746,3.6114399433135986
28,4.082054615020752,0.3494894802570343,3.5722835063934326
29,4.08223819732666,0.3510594367980957,3.5364105701446533
30,4.070096015930176,0.35372722148895264,3.5022685527801514
31,4.071805477142334,0.35588741302490234,3.4631927013397217
32,4.065579891204834,0.35731571912765503,3.4282031059265137
33,4.069245338439941,0.3580239713191986,3.396411180496216
34,4.063302040100098,0.3593224585056305,3.364567279815674
35,4.0623579025268555,0.36149442195892334,3.331195592880249
36,4.0577802658081055,0.3629109561443329,3.299254894256592
37,4.063431739807129,0.36155346035957336,3.268733501434326
38,4.059484958648682,0.36433926224708557,3.2376391887664795
39,4.0650954246521,0.3644455075263977,3.207451343536377
40,4.060426235198975,0.36831730604171753,3.180379629135132
41,4.066888809204102,0.36760905385017395,3.1508965492248535
42,4.069971084594727,0.3687894940376282,3.122170925140381
43,4.076364994049072,0.37057194113731384,3.094303607940674
44,4.069209575653076,0.3723543882369995,3.0683515071868896
45,4.082042217254639,0.37215369939804077,3.0428450107574463
46,4.0871357917785645,0.3735466003417969,3.016470193862915
47,4.093587398529053,0.37385353446006775,2.9891414642333984
48,4.090117454528809,0.3755769431591034,2.9669554233551025
49,4.096057891845703,0.37614354491233826,2.9411845207214355
50,4.102775573730469,0.3772413432598114,2.9189443588256836
51,4.104301452636719,0.377017080783844,2.8931896686553955
52,4.119281768798828,0.3775128424167633,2.870783567428589
53,4.121310234069824,0.37793779373168945,2.848651647567749
54,4.126740455627441,0.3791772425174713,2.825517416000366
55,4.130309104919434,0.380027174949646,2.804159641265869
56,4.1405348777771,0.37843358516693115,2.7814714908599854
57,4.144398212432861,0.3800625801086426,2.7618725299835205
58,4.150632381439209,0.38022783398628235,2.7398319244384766
59,4.160571098327637,0.3821755349636078,2.7211556434631348
60,4.169704914093018,0.3805111348628998,2.700894594192505
61,4.1728057861328125,0.3813610374927521,2.682908058166504
62,4.183079242706299,0.38242343068122864,2.662398338317871
63,4.1893086433410645,0.3824824392795563,2.6454172134399414
64,4.193788051605225,0.3823998272418976,2.6270997524261475
65,4.200258731842041,0.3839934170246124,2.607210397720337
66,4.208895206451416,0.38477247953414917,2.5916733741760254
67,4.219484806060791,0.38354483246803284,2.5724222660064697
68,4.227639198303223,0.38300183415412903,2.5577409267425537
69,4.229571342468262,0.3851030170917511,2.5426528453826904
70,4.240706920623779,0.3838871717453003,2.522850275039673
71,4.2472639083862305,0.38373371958732605,2.5069823265075684
72,4.257749080657959,0.38336777687072754,2.492401599884033
73,4.263955593109131,0.3843357264995575,2.47613525390625
74,4.268960475921631,0.3854925334453583,2.4639530181884766
75,4.274347305297852,0.3859647214412689,2.447597026824951
76,4.283401966094971,0.3859529197216034,2.4330549240112305
77,4.287464141845703,0.3855161666870117,2.4201083183288574
78,4.301429748535156,0.3854925334453583,2.4055023193359375
79,4.304792881011963,0.3851148188114166,2.391662120819092
80,4.312742710113525,0.38594111800193787,2.3775014877319336
81,4.323233127593994,0.38477247953414917,2.367570638656616
82,4.32612943649292,0.38544532656669617,2.3528025150299072
83,4.334357261657715,0.384028822183609,2.3401567935943604
84,4.341211795806885,0.38584667444229126,2.3310186862945557
85,4.344942569732666,0.3878888189792633,2.3160598278045654
86,4.356152534484863,0.3857758641242981,2.30645489692688
87,4.355526447296143,0.38571682572364807,2.2947819232940674
88,4.362635612487793,0.38754647970199585,2.283003568649292
89,4.371205806732178,0.3860945701599121,2.272672414779663
90,4.371886730194092,0.38857346773147583,2.261211395263672
91,4.381507396697998,0.38746386766433716,2.2522995471954346
92,4.386761665344238,0.3869916796684265,2.2408711910247803
93,4.391908168792725,0.38597652316093445,2.231846809387207
94,4.403090476989746,0.3864605128765106,2.222402811050415
95,4.403194427490234,0.3887387216091156,2.211684465408325
96,4.413416862487793,0.38736942410469055,2.203648567199707
97,4.421784400939941,0.3871687650680542,2.192805290222168
98,4.426116943359375,0.3860355317592621,2.1839098930358887
99,4.431242942810059,0.3869090676307678,2.1748762130737305
100,4.440113544464111,0.3863188326358795,2.1673595905303955
101,4.437426567077637,0.38661396503448486,2.160668134689331
102,4.4456658363342285,0.387038916349411,2.1500096321105957
103,4.451604843139648,0.38895121216773987,2.141822576522827
104,4.454672813415527,0.3882429599761963,2.1349682807922363
105,4.46539831161499,0.3874756693840027,2.126845121383667
106,4.462056636810303,0.38791242241859436,2.119835138320923
107,4.465181827545166,0.3882547616958618,2.111912727355957
108,4.472638130187988,0.38754647970199585,2.104125738143921
109,4.479061126708984,0.38834917545318604,2.096769094467163
110,4.4837517738342285,0.38916367292404175,2.0913479328155518
111,4.487194061279297,0.38840821385383606,2.083749771118164
